# map1

boundary 0.0 -15.0 -2.0 10.0 20.0 10.0

block  2.0  -14.0  -2.0 3.0  -6.0  8.0 255   255   0
block  7.0  -14.0  -2.0 8.0  -6.0  8.0 255   255   0

block  0.0  -6.0  7 10.0  -4.5  10 0   0   255
block  0.0  -6.0  -2.0 10.0  -4.5  1.5 0   0   255

block  0.0  -1.0  -2 3.0  0  10 0   0   255
block  3.0  -1.0  6.5 7.0  0  10 0   0   255
block  7.0  -1.0  -2.0 10.0  -0  10 0   0   255

block  3  -6.0  4 7  4  5.5 255   0   0
#block  3  -6.0  2 7  2.5  3.5 255   0   0
block  2  0.0  -2 3  10  7.5 255   0   0
block  7  0.0  -2 8  10  7.5 255   0   0

block  0.0  10.0  -2.0 10.0  11  7.5 0   0   255

block  0  2.0  7.5 10  11  8.5 255   0   0


block   0.0 15.0  0.0 10.0 20.0  1.0 255  0   0
block   0.0 15.0  1.0 10.0 16.0  3.5 255  0   0
#block   0.0 15.0  3.5 10.0 18.5  4.5 0  255   0
